-1453.5911, -240.03067, 178.62163
-1421.4176, -234.99902, 168.90396
-1446.8083, -209.97736, 160.18578
-1453.5911, -240.03067, 178.62163
-1491.2686, -220.38266, 177.81206
-1460.8441, -210.50066, 184.84013
-1453.5911, -240.03067, 178.62163
-1446.8083, -209.97736, 160.18578
-1460.8441, -210.50066, 184.84013
-1430.6926, -262.50116, 173.81444
-1421.4176, -234.99902, 168.90396
-1409.1167, -234.88806, 203.33801
-1430.6926, -262.50116, 173.81444
-1409.1167, -234.88806, 203.33801
-1389.2782, -269.4332, 196.06828
-1430.6926, -262.50116, 173.81444
-1389.1368, -250.16231, 176.07434
-1389.2782, -269.4332, 196.06828
-1409.1167, -234.88806, 203.33801
-1420.7794, -222.95052, 241.87349
-1386.6699, -223.65045, 211.8889
-1556.4854, -201.2006, 163.13145
-1515.5769, -218.35564, 158.55537
-1517.1217, -196.69823, 180.45789
-1556.4854, -201.2006, 163.13145
-1517.1217, -196.69823, 180.45789
-1548.9193, -173.90126, 159.248
-1556.4854, -201.2006, 163.13145
-1517.1217, -196.69823, 180.45789
-1522.2045, -172.69171, 163.5895
-1556.4854, -201.2006, 163.13145
-1548.9193, -173.90126, 159.248
-1522.2045, -172.69171, 163.5895
-1515.5769, -218.35564, 158.55537
-1491.2686, -220.38266, 177.81206
-1517.1217, -196.69823, 180.45789
-1515.5769, -218.35564, 158.55537
-1491.2686, -220.38266, 177.81206
-1482.5344, -184.93353, 157.92679
-1515.5769, -218.35564, 158.55537
-1517.1217, -196.69823, 180.45789
-1482.5344, -184.93353, 157.92679
-1491.2686, -220.38266, 177.81206
-1517.1217, -196.69823, 180.45789
-1482.5344, -184.93353, 157.92679
-1491.2686, -220.38266, 177.81206
-1460.8441, -210.50066, 184.84013
-1470.4977, -200.66626, 217.49818
-1517.1217, -196.69823, 180.45789
-1548.9193, -173.90126, 159.248
-1522.2045, -172.69171, 163.5895
-1517.1217, -196.69823, 180.45789
-1522.2045, -172.69171, 163.5895
-1482.5344, -184.93353, 157.92679
-1446.8083, -209.97736, 160.18578
-1460.8441, -210.50066, 184.84013
-1446.1246, -186.67108, 174.04053
-1446.8083, -209.97736, 160.18578
-1482.5344, -184.93353, 157.92679
-1446.1246, -186.67108, 174.04053
-1460.8441, -210.50066, 184.84013
-1446.1246, -186.67108, 174.04053
-1427.0841, -197.38826, 208.02988
-1460.8441, -210.50066, 184.84013
-1470.4977, -200.66626, 217.49818
-1427.0841, -197.38826, 208.02988
-1446.1246, -186.67108, 174.04053
-1427.0841, -197.38826, 208.02988
-1437.1511, -165.71283, 216.16673
-1446.1246, -186.67108, 174.04053
-1465.1208, -168.1426, 214.28554
-1437.1511, -165.71283, 216.16673
-1416.0271, -173.7411, 191.22557
-1400.6952, -175.63023, 165.06572
-1405.5096, -149.60707, 175.3293
-1470.4977, -200.66626, 217.49818
-1427.0841, -197.38826, 208.02988
-1437.1511, -165.71283, 216.16673
-1470.4977, -200.66626, 217.49818
-1465.1208, -168.1426, 214.28554
-1437.1511, -165.71283, 216.16673
-1420.7794, -222.95052, 241.87349
-1386.6699, -223.65045, 211.8889
-1396.7249, -199.88675, 219.21265
-1379.9672, -280.38956, 168.2285
-1389.1368, -250.16231, 176.07434
-1355.8756, -240.40546, 160.07117
-1379.9672, -280.38956, 168.2285
-1389.1368, -250.16231, 176.07434
-1360.5221, -272.24356, 184.80135
-1379.9672, -280.38956, 168.2285
-1389.1368, -250.16231, 176.07434
-1389.2782, -269.4332, 196.06828
-1379.9672, -280.38956, 168.2285
-1360.5221, -272.24356, 184.80135
-1389.2782, -269.4332, 196.06828
-1389.1368, -250.16231, 176.07434
-1355.8756, -240.40546, 160.07117
-1358.9016, -231.32689, 204.75435
-1389.1368, -250.16231, 176.07434
-1360.5221, -272.24356, 184.80135
-1389.2782, -269.4332, 196.06828
-1389.1368, -250.16231, 176.07434
-1389.2782, -269.4332, 196.06828
-1358.9016, -231.32689, 204.75435
-1389.1368, -250.16231, 176.07434
-1386.6699, -223.65045, 211.8889
-1358.9016, -231.32689, 204.75435
-1355.8756, -240.40546, 160.07117
-1333.1244, -256.79126, 177.8344
-1338.4464, -231.4306, 183.93216
-1355.8756, -240.40546, 160.07117
-1338.4464, -231.4306, 183.93216
-1358.9016, -231.32689, 204.75435
-1360.5221, -272.24356, 184.80135
-1333.1244, -256.79126, 177.8344
-1338.4464, -231.4306, 183.93216
-1333.1244, -256.79126, 177.8344
-1319.6288, -261.1684, 214.90646
-1338.4464, -231.4306, 183.93216
-1388.0482, -197.56462, 192.241
-1347.2185, -185.95082, 187.79185
-1358.9016, -231.32689, 204.75435
-1388.0482, -197.56462, 192.241
-1386.6699, -223.65045, 211.8889
-1396.7249, -199.88675, 219.21265
-1388.0482, -197.56462, 192.241
-1386.6699, -223.65045, 211.8889
-1358.9016, -231.32689, 204.75435
-1363.7748, -200.68855, 175.31676
-1338.4464, -231.4306, 183.93216
-1347.2185, -185.95082, 187.79185
-1363.7748, -200.68855, 175.31676
-1338.4464, -231.4306, 183.93216
-1358.9016, -231.32689, 204.75435
-1363.7748, -200.68855, 175.31676
-1347.2185, -185.95082, 187.79185
-1358.9016, -231.32689, 204.75435
-1363.7748, -200.68855, 175.31676
-1386.6699, -223.65045, 211.8889
-1358.9016, -231.32689, 204.75435
-1338.4464, -231.4306, 183.93216
-1347.2185, -185.95082, 187.79185
-1358.9016, -231.32689, 204.75435
-471.1795, -784.03204, 66.74908
-509.62854, -789.97595, 86.59459
-511.35104, -764.6935, 85.85676
-471.1795, -784.03204, 66.74908
-459.1277, -790.9402, 88.7609
-438.2648, -766.0081, 67.08336
-471.1795, -784.03204, 66.74908
-459.1277, -790.9402, 88.7609
-463.01205, -747.45825, 69.13379
-614.3822, -875.9039, 87.41579
-610.4941, -843.7055, 80.94822
-582.933, -850.0235, 83.19093
-582.933, -850.0235, 83.19093
-573.34174, -809.92816, 90.50752
-543.04315, -843.3195, 92.804955
-609.17017, -806.02954, 104.86046
-573.34174, -809.92816, 90.50752
-588.7155, -817.2325, 134.48839
-609.17017, -806.02954, 104.86046
-573.34174, -809.92816, 90.50752
-576.507, -772.56976, 92.60209
-573.34174, -809.92816, 90.50752
-547.051, -820.869, 129.98912
-588.7155, -817.2325, 134.48839
-573.34174, -809.92816, 90.50752
-547.051, -820.869, 129.98912
-543.04315, -843.3195, 92.804955
-573.34174, -809.92816, 90.50752
-536.41516, -791.7382, 90.375046
-576.507, -772.56976, 92.60209
-573.34174, -809.92816, 90.50752
-576.507, -772.56976, 92.60209
-549.8668, -768.4795, 90.241486
-547.051, -820.869, 129.98912
-537.574, -789.546, 134.68085
-558.9361, -780.08734, 151.55334
-536.41516, -791.7382, 90.375046
-509.62854, -789.97595, 86.59459
-511.35104, -764.6935, 85.85676
-509.62854, -789.97595, 86.59459
-549.8668, -768.4795, 90.241486
-519.66895, -767.53516, 123.97738
-496.18994, -788.8123, 132.13588
-477.1189, -762.05774, 121.23321
-505.83438, -742.4171, 136.15887
-496.18994, -788.8123, 132.13588
-477.1189, -762.05774, 121.23321
-478.44028, -777.1537, 143.85904
-496.18994, -788.8123, 132.13588
-505.83438, -742.4171, 136.15887
-478.44028, -777.1537, 143.85904
-432.75934, -805.7303, 62.821407
-403.9509, -811.823, 63.98077
-409.21942, -794.8144, 92.395386
-432.75934, -805.7303, 62.821407
-409.21942, -794.8144, 92.395386
-438.2648, -766.0081, 67.08336
-432.75934, -805.7303, 62.821407
-438.2648, -766.0081, 67.08336
-421.5425, -767.37164, 85.14287
-403.9509, -811.823, 63.98077
-360.2885, -806.852, 59.15599
-367.32477, -818.40155, 91.8608
-403.9509, -811.823, 63.98077
-360.2885, -806.852, 59.15599
-380.23694, -778.4876, 46.047707
-360.2885, -806.852, 59.15599
-367.32477, -818.40155, 91.8608
-347.10638, -811.3335, 80.15504
-360.2885, -806.852, 59.15599
-367.32477, -818.40155, 91.8608
-368.73666, -780.70044, 82.86485
-360.2885, -806.852, 59.15599
-347.10638, -811.3335, 80.15504
-351.23172, -765.34937, 66.677505
-360.2885, -806.852, 59.15599
-347.10638, -811.3335, 80.15504
-368.73666, -780.70044, 82.86485
-360.2885, -806.852, 59.15599
-380.23694, -778.4876, 46.047707
-351.23172, -765.34937, 66.677505
-360.2885, -806.852, 59.15599
-380.23694, -778.4876, 46.047707
-368.73666, -780.70044, 82.86485
-360.2885, -806.852, 59.15599
-351.23172, -765.34937, 66.677505
-368.73666, -780.70044, 82.86485
-459.1277, -790.9402, 88.7609
-419.93713, -796.3006, 114.163124
-421.5425, -767.37164, 85.14287
-459.1277, -790.9402, 88.7609
-419.93713, -796.3006, 114.163124
-452.45932, -765.06726, 125.17532
-459.1277, -790.9402, 88.7609
-477.1189, -762.05774, 121.23321
-452.45932, -765.06726, 125.17532
-459.1277, -790.9402, 88.7609
-438.2648, -766.0081, 67.08336
-421.5425, -767.37164, 85.14287
-367.32477, -818.40155, 91.8608
-386.56097, -800.8718, 111.717804
-368.73666, -780.70044, 82.86485
-367.32477, -818.40155, 91.8608
-347.10638, -811.3335, 80.15504
-368.73666, -780.70044, 82.86485
-347.10638, -811.3335, 80.15504
-351.23172, -765.34937, 66.677505
-368.73666, -780.70044, 82.86485
-481.87885, -733.4152, 75.86183
-463.01205, -747.45825, 69.13379
-434.79984, -736.03436, 67.52235
-481.87885, -733.4152, 75.86183
-463.01205, -747.45825, 69.13379
-465.83566, -711.01807, 78.405464
-481.87885, -733.4152, 75.86183
-434.79984, -736.03436, 67.52235
-465.83566, -711.01807, 78.405464
-549.8668, -768.4795, 90.241486
-524.5205, -740.94507, 95.989075
-519.66895, -767.53516, 123.97738
-524.5205, -740.94507, 95.989075
-518.9063, -706.072, 80.0
-537.17175, -711.44653, 119.173
-524.5205, -740.94507, 95.989075
-537.17175, -711.44653, 119.173
-541.6099, -738.1473, 137.21004
-477.1189, -762.05774, 121.23321
-505.83438, -742.4171, 136.15887
-478.44028, -777.1537, 143.85904
-477.1189, -762.05774, 121.23321
-505.83438, -742.4171, 136.15887
-470.01685, -739.73773, 135.29984
-477.1189, -762.05774, 121.23321
-478.44028, -777.1537, 143.85904
-452.45932, -765.06726, 125.17532
-477.1189, -762.05774, 121.23321
-470.01685, -739.73773, 135.29984
-452.45932, -765.06726, 125.17532
-505.83438, -742.4171, 136.15887
-470.01685, -739.73773, 135.29984
-485.86166, -705.0372, 125.84787
-470.01685, -739.73773, 135.29984
-452.45932, -765.06726, 125.17532
-423.11612, -751.573, 127.62305
-470.01685, -739.73773, 135.29984
-423.11612, -751.573, 127.62305
-448.46753, -714.4481, 119.3406
-438.2648, -766.0081, 67.08336
-415.76865, -758.4083, 61.84026
-434.79984, -736.03436, 67.52235
-438.2648, -766.0081, 67.08336
-415.76865, -758.4083, 61.84026
-421.5425, -767.37164, 85.14287
-438.2648, -766.0081, 67.08336
-434.79984, -736.03436, 67.52235
-421.5425, -767.37164, 85.14287
-463.01205, -747.45825, 69.13379
-415.76865, -758.4083, 61.84026
-434.79984, -736.03436, 67.52235
-463.01205, -747.45825, 69.13379
-434.79984, -736.03436, 67.52235
-465.83566, -711.01807, 78.405464
-415.76865, -758.4083, 61.84026
-434.79984, -736.03436, 67.52235
-421.5425, -767.37164, 85.14287
-415.76865, -758.4083, 61.84026
-434.79984, -736.03436, 67.52235
-405.35895, -738.7192, 92.57423
-415.76865, -758.4083, 61.84026
-380.23694, -778.4876, 46.047707
-381.01733, -735.7638, 55.187218
-415.76865, -758.4083, 61.84026
-381.01733, -735.7638, 55.187218
-405.35895, -738.7192, 92.57423
-434.79984, -736.03436, 67.52235
-465.83566, -711.01807, 78.405464
-434.19986, -698.4082, 81.17191
-434.79984, -736.03436, 67.52235
-405.35895, -738.7192, 92.57423
-428.67215, -728.58936, 108.914116
-380.23694, -778.4876, 46.047707
-351.23172, -765.34937, 66.677505
-381.01733, -735.7638, 55.187218
-380.23694, -778.4876, 46.047707
-351.23172, -765.34937, 66.677505
-368.73666, -780.70044, 82.86485
-351.23172, -765.34937, 66.677505
-368.73666, -780.70044, 82.86485
-367.0732, -767.3393, 106.40244
-381.01733, -735.7638, 55.187218
-405.35895, -738.7192, 92.57423
-400.41098, -707.69934, 85.8008
-465.83566, -711.01807, 78.405464
-448.46753, -714.4481, 119.3406
-434.19986, -698.4082, 81.17191
-405.35895, -738.7192, 92.57423
-400.41098, -707.69934, 85.8008
-428.67215, -728.58936, 108.914116
-428.67215, -728.58936, 108.914116
-423.11612, -751.573, 127.62305
-448.46753, -714.4481, 119.3406
-721.4602, -199.94922, 153.45515
-749.829, -174.29344, 137.96152
-721.08435, -159.42728, 155.87958
-749.829, -174.29344, 137.96152
-721.08435, -159.42728, 155.87958
-756.4203, -149.25612, 125.95662
-749.829, -174.29344, 137.96152
-721.08435, -159.42728, 155.87958
-725.4388, -149.07132, 125.39599
-749.829, -174.29344, 137.96152
-756.4203, -149.25612, 125.95662
-725.4388, -149.07132, 125.39599
-749.829, -174.29344, 137.96152
-756.4203, -149.25612, 125.95662
-772.21533, -158.38257, 167.09547
-721.08435, -159.42728, 155.87958
-756.4203, -149.25612, 125.95662
-725.4388, -149.07132, 125.39599
-721.08435, -159.42728, 155.87958
-725.4388, -149.07132, 125.39599
-720.2701, -133.70229, 170.02142
-721.08435, -159.42728, 155.87958
-700.8003, -172.60242, 192.15358
-720.2701, -133.70229, 170.02142
-721.08435, -159.42728, 155.87958
-700.8003, -172.60242, 192.15358
-698.97284, -147.37567, 162.09955
-721.08435, -159.42728, 155.87958
-720.2701, -133.70229, 170.02142
-698.97284, -147.37567, 162.09955
-640.64343, -159.98407, 102.68251
-665.6892, -149.82465, 95.05344
-656.16235, -128.62428, 105.07755
-640.64343, -159.98407, 102.68251
-656.16235, -128.62428, 105.07755
-622.2136, -125.88227, 129.46458
-640.64343, -159.98407, 102.68251
-602.21246, -159.4148, 131.42807
-622.2136, -125.88227, 129.46458
-686.7489, -164.40776, 118.041824
-663.37616, -166.32292, 153.43668
-679.9096, -135.05167, 120.63466
-686.7489, -164.40776, 118.041824
-663.37616, -166.32292, 153.43668
-698.97284, -147.37567, 162.09955
-686.7489, -164.40776, 118.041824
-665.6892, -149.82465, 95.05344
-679.9096, -135.05167, 120.63466
-686.7489, -164.40776, 118.041824
-679.9096, -135.05167, 120.63466
-698.97284, -147.37567, 162.09955
-663.37616, -166.32292, 153.43668
-679.9096, -135.05167, 120.63466
-698.97284, -147.37567, 162.09955
-663.37616, -166.32292, 153.43668
-698.97284, -147.37567, 162.09955
-664.77673, -142.44254, 171.8829
-663.37616, -166.32292, 153.43668
-664.77673, -142.44254, 171.8829
-622.8155, -150.80908, 169.56976
-861.66486, -92.83897, 141.6499
-814.858, -78.64214, 144.31128
-838.9636, -64.40384, 146.66562
-861.66486, -92.83897, 141.6499
-875.9645, -69.90201, 125.0755
-838.9636, -64.40384, 146.66562
-795.43665, -126.32331, 151.25798
-773.6547, -89.78518, 143.92722
-798.1119, -103.37176, 171.9306
-795.43665, -126.32331, 151.25798
-791.9495, -137.00014, 181.939
-762.6996, -117.73692, 186.39389
-795.43665, -126.32331, 151.25798
-798.1119, -103.37176, 171.9306
-762.6996, -117.73692, 186.39389
-814.858, -78.64214, 144.31128
-838.9636, -64.40384, 146.66562
-803.58136, -57.61881, 124.81666
-814.858, -78.64214, 144.31128
-838.9636, -64.40384, 146.66562
-820.33624, -87.55373, 180.34982
-814.858, -78.64214, 144.31128
-803.58136, -57.61881, 124.81666
-773.6547, -89.78518, 143.92722
-814.858, -78.64214, 144.31128
-773.6547, -89.78518, 143.92722
-798.1119, -103.37176, 171.9306
-814.858, -78.64214, 144.31128
-820.33624, -87.55373, 180.34982
-798.1119, -103.37176, 171.9306
-814.858, -78.64214, 144.31128
-798.1119, -103.37176, 171.9306
-799.93884, -66.49943, 177.13199
-875.9645, -69.90201, 125.0755
-863.33344, -41.703026, 148.6796
-879.3923, -31.167246, 126.155426
-875.9645, -69.90201, 125.0755
-863.33344, -41.703026, 148.6796
-838.9636, -64.40384, 146.66562
-863.33344, -41.703026, 148.6796
-879.3923, -31.167246, 126.155426
-874.09564, -7.318025, 169.1398
-863.33344, -41.703026, 148.6796
-879.3923, -31.167246, 126.155426
-854.14984, 4.450196, 138.0916
-863.33344, -41.703026, 148.6796
-838.9636, -64.40384, 146.66562
-843.8851, -25.800434, 175.74153
-863.33344, -41.703026, 148.6796
-843.8851, -25.800434, 175.74153
-854.14984, 4.450196, 138.0916
-907.4573, -5.178332, 136.15314
-879.3923, -31.167246, 126.155426
-874.09564, -7.318025, 169.1398
-838.9636, -64.40384, 146.66562
-823.9555, -21.505095, 147.94061
-843.8851, -25.800434, 175.74153
-803.58136, -57.61881, 124.81666
-782.594, -55.065975, 152.36028
-773.6547, -89.78518, 143.92722
-805.5949, -44.474884, 148.04173
-782.594, -55.065975, 152.36028
-800.15643, -17.71559, 132.66002
-805.5949, -44.474884, 148.04173
-782.594, -55.065975, 152.36028
-781.0693, -24.22321, 155.71585
-805.5949, -44.474884, 148.04173
-782.594, -55.065975, 152.36028
-774.1813, -42.570663, 175.58907
-805.5949, -44.474884, 148.04173
-800.15643, -17.71559, 132.66002
-781.0693, -24.22321, 155.71585
-805.5949, -44.474884, 148.04173
-800.15643, -17.71559, 132.66002
-818.5462, -9.795728, 168.2172
-805.5949, -44.474884, 148.04173
-781.0693, -24.22321, 155.71585
-774.1813, -42.570663, 175.58907
-782.594, -55.065975, 152.36028
-800.15643, -17.71559, 132.66002
-781.0693, -24.22321, 155.71585
-782.594, -55.065975, 152.36028
-781.0693, -24.22321, 155.71585
-774.1813, -42.570663, 175.58907
-782.594, -55.065975, 152.36028
-774.1813, -42.570663, 175.58907
-759.28955, -56.80725, 161.56639
-823.9555, -21.505095, 147.94061
-800.15643, -17.71559, 132.66002
-818.5462, -9.795728, 168.2172
-823.9555, -21.505095, 147.94061
-800.15643, -17.71559, 132.66002
-824.8295, 12.23745, 133.69177
-823.9555, -21.505095, 147.94061
-843.8851, -25.800434, 175.74153
-854.14984, 4.450196, 138.0916
-800.15643, -17.71559, 132.66002
-818.5462, -9.795728, 168.2172
-793.5563, 21.354414, 154.96294
-800.15643, -17.71559, 132.66002
-824.8295, 12.23745, 133.69177
-793.5563, 21.354414, 154.96294
-756.4203, -149.25612, 125.95662
-749.19086, -124.04636, 128.68225
-725.4388, -149.07132, 125.39599
-749.19086, -124.04636, 128.68225
-725.4388, -149.07132, 125.39599
-727.01276, -110.284546, 118.30064
-749.19086, -124.04636, 128.68225
-727.01276, -110.284546, 118.30064
-740.8242, -99.103325, 155.52222
-749.19086, -124.04636, 128.68225
-727.01276, -110.284546, 118.30064
-748.43945, -74.36909, 130.49754
-749.19086, -124.04636, 128.68225
-740.8242, -99.103325, 155.52222
-764.0245, -105.033745, 160.70332
-773.6547, -89.78518, 143.92722
-748.43945, -74.36909, 130.49754
-751.9435, -84.558495, 171.48679
-727.01276, -110.284546, 118.30064
-712.00116, -83.547516, 119.70388
-740.8242, -99.103325, 155.52222
-727.01276, -110.284546, 118.30064
-712.00116, -83.547516, 119.70388
-690.21765, -106.21204, 112.4669
-727.01276, -110.284546, 118.30064
-712.00116, -83.547516, 119.70388
-748.43945, -74.36909, 130.49754
-712.00116, -83.547516, 119.70388
-690.21765, -106.21204, 112.4669
-687.6096, -78.816124, 107.77568
-712.00116, -83.547516, 119.70388
-687.6096, -78.816124, 107.77568
-701.44934, -73.02507, 152.06133
-740.8242, -99.103325, 155.52222
-762.6996, -117.73692, 186.39389
-764.0245, -105.033745, 160.70332
-740.8242, -99.103325, 155.52222
-762.6996, -117.73692, 186.39389
-751.9435, -84.558495, 171.48679
-740.8242, -99.103325, 155.52222
-720.2701, -133.70229, 170.02142
-711.72815, -94.45743, 173.377
-740.8242, -99.103325, 155.52222
-751.9435, -84.558495, 171.48679
-711.72815, -94.45743, 173.377
-740.8242, -99.103325, 155.52222
-711.72815, -94.45743, 173.377
-699.175, -111.1465, 159.7039
-665.6892, -149.82465, 95.05344
-656.16235, -128.62428, 105.07755
-668.6905, -106.302925, 100.41048
-665.6892, -149.82465, 95.05344
-668.6905, -106.302925, 100.41048
-679.9096, -135.05167, 120.63466
-656.16235, -128.62428, 105.07755
-690.21765, -106.21204, 112.4669
-668.6905, -106.302925, 100.41048
-656.16235, -128.62428, 105.07755
-668.6905, -106.302925, 100.41048
-654.0856, -102.362465, 127.0002
-690.21765, -106.21204, 112.4669
-668.6905, -106.302925, 100.41048
-687.6096, -78.816124, 107.77568
-690.21765, -106.21204, 112.4669
-668.6905, -106.302925, 100.41048
-679.9096, -135.05167, 120.63466
-690.21765, -106.21204, 112.4669
-679.9096, -135.05167, 120.63466
-699.175, -111.1465, 159.7039
-668.6905, -106.302925, 100.41048
-687.6096, -78.816124, 107.77568
-654.0856, -102.362465, 127.0002
-639.0876, -109.22967, 147.38036
-603.8458, -101.98112, 134.35684
-599.3268, -117.023865, 169.8325
-781.0693, -24.22321, 155.71585
-774.1813, -42.570663, 175.58907
-774.93604, -11.643134, 188.1745
-701.44934, -73.02507, 152.06133
-711.72815, -94.45743, 173.377
-699.175, -111.1465, 159.7039
-701.44934, -73.02507, 152.06133
-711.72815, -94.45743, 173.377
-721.3992, -67.45072, 189.27713
-628.564, -75.123505, 119.79752
-619.19434, -91.43456, 89.45245
-609.34344, -68.419174, 85.810905
-643.81995, -64.449, 137.20291
-672.0952, -96.6875, 159.21666
-670.2335, -66.50229, 177.7892
-643.81995, -64.449, 137.20291
-670.2335, -66.50229, 177.7892
-637.5235, -38.591198, 167.76836
-643.81995, -64.449, 137.20291
-637.5235, -38.591198, 167.76836
-615.94037, -49.479343, 141.82393
-637.36035, -10.857148, 126.79976
-602.83563, -41.477478, 109.27401
-619.3467, -38.52693, 90.4524
-700.8003, -172.60242, 192.15358
-720.2701, -133.70229, 170.02142
-698.97284, -147.37567, 162.09955
-791.9495, -137.00014, 181.939
-783.7983, -118.53672, 207.62885
-747.14526, -145.08565, 197.40825
-820.33624, -87.55373, 180.34982
-856.06104, -76.58113, 178.63226
-834.32117, -54.12954, 196.35089
-798.1119, -103.37176, 171.9306
-762.6996, -117.73692, 186.39389
-764.0245, -105.033745, 160.70332
-783.7983, -118.53672, 207.62885
-747.14526, -145.08565, 197.40825
-754.09076, -128.92497, 234.51617
-783.7983, -118.53672, 207.62885
-775.59454, -108.54594, 228.19814
-754.09076, -128.92497, 234.51617
-799.93884, -66.49943, 177.13199
-772.66254, -85.77002, 186.35005
-759.28955, -56.80725, 161.56639
-818.5462, -9.795728, 168.2172
-806.9852, -19.093447, 198.18591
-774.93604, -11.643134, 188.1745
-818.5462, -9.795728, 168.2172
-806.9852, -19.093447, 198.18591
-786.5971, 12.857294, 181.7722
-818.5462, -9.795728, 168.2172
-774.93604, -11.643134, 188.1745
-786.5971, 12.857294, 181.7722
-818.5462, -9.795728, 168.2172
-793.5563, 21.354414, 154.96294
-786.5971, 12.857294, 181.7722
-834.32117, -54.12954, 196.35089
-844.8205, -31.192472, 201.58118
-806.9852, -19.093447, 198.18591
-806.9852, -19.093447, 198.18591
-774.1813, -42.570663, 175.58907
-774.93604, -11.643134, 188.1745
-806.9852, -19.093447, 198.18591
-774.93604, -11.643134, 188.1745
-786.5971, 12.857294, 181.7722
-762.6996, -117.73692, 186.39389
-751.9435, -84.558495, 171.48679
-745.0873, -111.91924, 209.33438
-751.9435, -84.558495, 171.48679
-711.72815, -94.45743, 173.377
-721.3992, -67.45072, 189.27713
-772.66254, -85.77002, 186.35005
-774.1813, -42.570663, 175.58907
-759.28955, -56.80725, 161.56639
-711.72815, -94.45743, 173.377
-672.0952, -96.6875, 159.21666
-682.1069, -86.37347, 190.8766
-711.72815, -94.45743, 173.377
-682.1069, -86.37347, 190.8766
-699.78186, -84.92569, 211.75963
-745.0873, -111.91924, 209.33438
-775.59454, -108.54594, 228.19814
-754.09076, -128.92497, 234.51617
-672.0952, -96.6875, 159.21666
-682.1069, -86.37347, 190.8766
-649.1695, -92.71219, 184.57048
-672.0952, -96.6875, 159.21666
-682.1069, -86.37347, 190.8766
-670.2335, -66.50229, 177.7892
-672.0952, -96.6875, 159.21666
-649.1695, -92.71219, 184.57048
-657.56335, -109.88717, 203.13231
-672.0952, -96.6875, 159.21666
-649.1695, -92.71219, 184.57048
-670.2335, -66.50229, 177.7892
-682.1069, -86.37347, 190.8766
-649.1695, -92.71219, 184.57048
-670.2335, -66.50229, 177.7892
-682.1069, -86.37347, 190.8766
-699.78186, -84.92569, 211.75963
-670.2335, -66.50229, 177.7892
-635.17017, -88.40058, 162.13329
-590.009, -88.989044, 168.8861
-614.78723, -80.00914, 199.87578
-649.1695, -92.71219, 184.57048
-657.56335, -109.88717, 203.13231
-618.60376, -104.19243, 210.36809
-602.21246, -159.4148, 131.42807
-622.2136, -125.88227, 129.46458
-607.0806, -133.52553, 152.60303
-602.21246, -159.4148, 131.42807
-622.2136, -125.88227, 129.46458
-622.8155, -150.80908, 169.56976
-619.19434, -91.43456, 89.45245
-580.7883, -102.20745, 94.11566
-603.8458, -101.98112, 134.35684
-619.19434, -91.43456, 89.45245
-580.7883, -102.20745, 94.11566
-609.34344, -68.419174, 85.810905
-580.7883, -102.20745, 94.11566
-552.29224, -105.46167, 101.68503
-537.8633, -85.4367, 110.962006
-580.7883, -102.20745, 94.11566
-552.29224, -105.46167, 101.68503
-572.6578, -71.33728, 82.19963
-580.7883, -102.20745, 94.11566
-568.6732, -122.07198, 125.50902
-603.8458, -101.98112, 134.35684
-580.7883, -102.20745, 94.11566
-609.34344, -68.419174, 85.810905
-572.6578, -71.33728, 82.19963
-580.7883, -102.20745, 94.11566
-572.6578, -71.33728, 82.19963
-559.7715, -70.61736, 103.106224
-552.29224, -105.46167, 101.68503
-514.40234, -81.20265, 89.236916
-537.8633, -85.4367, 110.962006
-552.29224, -105.46167, 101.68503
-514.40234, -81.20265, 89.236916
-515.34076, -95.42609, 116.266106
-552.29224, -105.46167, 101.68503
-537.8633, -85.4367, 110.962006
-515.34076, -95.42609, 116.266106
-514.40234, -81.20265, 89.236916
-537.8633, -85.4367, 110.962006
-515.34076, -95.42609, 116.266106
-537.8633, -85.4367, 110.962006
-515.34076, -95.42609, 116.266106
-531.787, -125.2266, 120.61845
-537.8633, -85.4367, 110.962006
-515.34076, -95.42609, 116.266106
-508.74426, -112.573364, 134.51006
-537.8633, -85.4367, 110.962006
-515.34076, -95.42609, 116.266106
-534.0748, -76.4791, 146.92566
-537.8633, -85.4367, 110.962006
-531.787, -125.2266, 120.61845
-508.74426, -112.573364, 134.51006
-515.34076, -95.42609, 116.266106
-531.787, -125.2266, 120.61845
-508.74426, -112.573364, 134.51006
-515.34076, -95.42609, 116.266106
-508.74426, -112.573364, 134.51006
-482.46057, -106.78428, 127.547386
-515.34076, -95.42609, 116.266106
-510.61343, -84.83148, 147.06992
-482.46057, -106.78428, 127.547386
-515.34076, -95.42609, 116.266106
-510.61343, -84.83148, 147.06992
-534.0748, -76.4791, 146.92566
-495.5072, -130.10736, 151.50285
-508.74426, -112.573364, 134.51006
-482.46057, -106.78428, 127.547386
-495.5072, -130.10736, 151.50285
-482.46057, -106.78428, 127.547386
-493.3598, -113.53548, 175.68315
-482.46057, -106.78428, 127.547386
-450.90204, -91.66416, 119.134605
-480.83514, -96.31639, 158.66745
-609.34344, -68.419174, 85.810905
-602.83563, -41.477478, 109.27401
-619.3467, -38.52693, 90.4524
-554.28906, -49.884537, 113.96875
-513.81995, -58.628345, 134.57521
-531.9103, -39.95376, 144.96313
-615.94037, -49.479343, 141.82393
-583.5647, -55.83133, 156.1574
-603.0113, -65.14023, 169.70634
-555.09283, -70.54631, 133.74655
-513.81995, -58.628345, 134.57521
-531.9103, -39.95376, 144.96313
-555.09283, -70.54631, 133.74655
-534.0748, -76.4791, 146.92566
-531.9103, -39.95376, 144.96313
-583.5647, -55.83133, 156.1574
-590.009, -88.989044, 168.8861
-603.0113, -65.14023, 169.70634
-583.5647, -55.83133, 156.1574
-603.0113, -65.14023, 169.70634
-595.9336, -24.094238, 181.17169
-583.5647, -55.83133, 156.1574
-595.9336, -24.094238, 181.17169
-551.40106, -20.145815, 162.24365
-470.8238, -43.447517, 113.74511
-482.87717, -66.57315, 145.47185
-446.03207, -49.916218, 121.49798
-470.8238, -43.447517, 113.74511
-468.32886, -34.53643, 81.70155
-446.03207, -49.916218, 121.49798
-470.8238, -43.447517, 113.74511
-441.9429, -14.129469, 107.146194
-446.03207, -49.916218, 121.49798
-513.81995, -58.628345, 134.57521
-531.9103, -39.95376, 144.96313
-513.73425, -36.88769, 120.17958
-513.81995, -58.628345, 134.57521
-513.73425, -36.88769, 120.17958
-505.80835, -34.07169, 149.94632
-513.81995, -58.628345, 134.57521
-505.80835, -34.07169, 149.94632
-516.68085, -50.09005, 171.87906
-482.87717, -66.57315, 145.47185
-515.48035, -72.25903, 181.4697
-483.6674, -52.932587, 177.74515
-482.87717, -66.57315, 145.47185
-483.6674, -52.932587, 177.74515
-457.35306, -42.089024, 171.28389
-505.80835, -34.07169, 149.94632
-516.68085, -50.09005, 171.87906
-483.6674, -52.932587, 177.74515
-479.19348, -19.2028, 151.58188
-436.27728, -29.564167, 134.62175
-435.6842, -1.955526, 159.0762
-438.1363, -111.451, 74.829834
-404.89517, -114.27403, 60.87623
-433.0493, -143.24794, 82.21559
-438.1363, -111.451, 74.829834
-404.89517, -114.27403, 60.87623
-406.7459, -88.109215, 90.188354
-438.1363, -111.451, 74.829834
-433.0493, -143.24794, 82.21559
-446.38254, -129.32153, 97.88775
-438.1363, -111.451, 74.829834
-406.7459, -88.109215, 90.188354
-430.44934, -68.92864, 80.94766
-364.2797, -66.58107, 54.949963
-371.01797, -92.402214, 78.23803
-378.57718, -58.897617, 101.90072
-364.2797, -66.58107, 54.949963
-371.01797, -92.402214, 78.23803
-331.31708, -66.12925, 81.206474
-364.2797, -66.58107, 54.949963
-378.57718, -58.897617, 101.90072
-348.49814, -39.39434, 82.708725
-364.2797, -66.58107, 54.949963
-331.31708, -66.12925, 81.206474
-348.49814, -39.39434, 82.708725
-378.9598, -30.06308, 67.3533
-390.0676, -3.769189, 74.580574
-368.3167, 8.7514, 65.17373
-378.9598, -30.06308, 67.3533
-350.97345, -6.624966, 55.1222
-368.3167, 8.7514, 65.17373
-390.0676, -3.769189, 74.580574
-425.90848, -13.608011, 85.022415
-407.7874, -38.724552, 105.20873
-350.97345, -6.624966, 55.1222
-352.82565, 31.186329, 76.32947
-318.234, 16.785725, 46.37053
-330.20834, -2.42557, 70.13594
-368.3167, 8.7514, 65.17373
-341.16028, 11.930349, 102.810104
-330.20834, -2.42557, 70.13594
-318.234, 16.785725, 46.37053
-325.2408, 35.426476, 65.56452
-433.0493, -143.24794, 82.21559
-446.38254, -129.32153, 97.88775
-419.84167, -113.59816, 109.11251
-446.38254, -129.32153, 97.88775
-419.84167, -113.59816, 109.11251
-450.90204, -91.66416, 119.134605
-446.38254, -129.32153, 97.88775
-465.86853, -126.77481, 135.21527
-450.90204, -91.66416, 119.134605
-406.7459, -88.109215, 90.188354
-371.01797, -92.402214, 78.23803
-378.57718, -58.897617, 101.90072
-419.84167, -113.59816, 109.11251
-445.6916, -119.20937, 148.2529
-425.8932, -82.677765, 132.85661
-391.4527, -106.55465, 104.96521
-397.57446, -97.55826, 151.08629
-366.45865, -90.47885, 125.83994
-450.381, -85.18088, 155.14832
-472.49826, -85.501976, 194.28609
-440.66367, -65.51662, 191.9049
-450.381, -85.18088, 155.14832
-457.35306, -42.089024, 171.28389
-440.66367, -65.51662, 191.9049
-425.8932, -82.677765, 132.85661
-406.50082, -68.3508, 123.908104
-380.81677, -70.66431, 142.12971
-397.57446, -97.55826, 151.08629
-366.45865, -90.47885, 125.83994
-380.81677, -70.66431, 142.12971
-397.57446, -97.55826, 151.08629
-380.81677, -70.66431, 142.12971
-385.16702, -98.46073, 171.76678
-397.57446, -97.55826, 151.08629
-380.81677, -70.66431, 142.12971
-402.9544, -57.586586, 163.08197
-397.57446, -97.55826, 151.08629
-385.16702, -98.46073, 171.76678
-402.9544, -57.586586, 163.08197
-430.44934, -68.92864, 80.94766
-446.03207, -49.916218, 121.49798
-406.50082, -68.3508, 123.908104
-441.9429, -14.129469, 107.146194
-425.90848, -13.608011, 85.022415
-407.7874, -38.724552, 105.20873
-441.9429, -14.129469, 107.146194
-407.7874, -38.724552, 105.20873
-446.03207, -49.916218, 121.49798
-441.9429, -14.129469, 107.146194
-446.03207, -49.916218, 121.49798
-436.27728, -29.564167, 134.62175
-425.90848, -13.608011, 85.022415
-407.7874, -38.724552, 105.20873
-383.41165, -31.799568, 95.574265
-407.7874, -38.724552, 105.20873
-446.03207, -49.916218, 121.49798
-406.50082, -68.3508, 123.908104
-406.50082, -68.3508, 123.908104
-378.57718, -58.897617, 101.90072
-380.81677, -70.66431, 142.12971
-406.50082, -68.3508, 123.908104
-380.81677, -70.66431, 142.12971
-402.9544, -57.586586, 163.08197
-436.27728, -29.564167, 134.62175
-457.35306, -42.089024, 171.28389
-424.65936, -35.899, 168.2206
-436.27728, -29.564167, 134.62175
-435.6842, -1.955526, 159.0762
-408.84628, -11.904398, 168.57556
-436.27728, -29.564167, 134.62175
-424.65936, -35.899, 168.2206
-408.84628, -11.904398, 168.57556
-380.81677, -70.66431, 142.12971
-385.16702, -98.46073, 171.76678
-402.9544, -57.586586, 163.08197
-590.009, -88.989044, 168.8861
-614.78723, -80.00914, 199.87578
-603.0113, -65.14023, 169.70634
-607.8682, -126.0003, 195.50914
-618.60376, -104.19243, 210.36809
-614.78723, -80.00914, 199.87578
-480.83514, -96.31639, 158.66745
-472.49826, -85.501976, 194.28609
-456.32352, -118.24974, 188.71211
-472.49826, -85.501976, 194.28609
-515.48035, -72.25903, 181.4697
-483.6674, -52.932587, 177.74515
-472.49826, -85.501976, 194.28609
-483.6674, -52.932587, 177.74515
-440.66367, -65.51662, 191.9049
-483.6674, -52.932587, 177.74515
-484.95322, -21.78566, 192.43205
-457.35306, -42.089024, 171.28389
-483.6674, -52.932587, 177.74515
-457.35306, -42.089024, 171.28389
-440.66367, -65.51662, 191.9049
-385.16702, -98.46073, 171.76678
-402.9544, -57.586586, 163.08197
-418.92093, -76.52235, 196.4639
-457.35306, -42.089024, 171.28389
-440.66367, -65.51662, 191.9049
-424.65936, -35.899, 168.2206
-440.66367, -65.51662, 191.9049
-402.9544, -57.586586, 163.08197
-424.65936, -35.899, 168.2206
-440.66367, -65.51662, 191.9049
-402.9544, -57.586586, 163.08197
-418.92093, -76.52235, 196.4639
-440.66367, -65.51662, 191.9049
-424.65936, -35.899, 168.2206
-418.92093, -76.52235, 196.4639
-402.9544, -57.586586, 163.08197
-424.65936, -35.899, 168.2206
-408.84628, -11.904398, 168.57556
-402.9544, -57.586586, 163.08197
-424.65936, -35.899, 168.2206
-418.92093, -76.52235, 196.4639
-402.9544, -57.586586, 163.08197
-424.65936, -35.899, 168.2206
-387.57703, -34.89762, 200.43164
-435.6842, -1.955526, 159.0762
-408.84628, -11.904398, 168.57556
-427.18234, 28.248285, 157.88275
-408.84628, -11.904398, 168.57556
-378.799, -2.326245, 192.91087
-379.69443, 15.115779, 176.36668
-408.84628, -11.904398, 168.57556
-411.69727, 15.009796, 131.53871
-427.18234, 28.248285, 157.88275
-359.60867, -38.827545, 180.46199
-378.799, -2.326245, 192.91087
-387.57703, -34.89762, 200.43164
-378.799, -2.326245, 192.91087
-379.69443, 15.115779, 176.36668
-337.08795, 3.954096, 166.48964
-873.83057, 61.12694, 129.89787
-853.56744, 97.64916, 138.43002
-852.65765, 64.108505, 165.00447
-824.8295, 12.23745, 133.69177
-793.5563, 21.354414, 154.96294
-812.41876, 42.65502, 131.47923
-824.8295, 12.23745, 133.69177
-848.2377, 41.743267, 125.20767
-812.41876, 42.65502, 131.47923
-824.8295, 12.23745, 133.69177
-812.41876, 42.65502, 131.47923
-851.666, 27.534246, 156.87709
-793.5563, 21.354414, 154.96294
-812.41876, 42.65502, 131.47923
-787.4001, 62.758163, 152.95288
-827.15265, 61.73435, 140.61667
-787.4001, 62.758163, 152.95288
-801.13446, 74.005455, 173.47266
-827.15265, 61.73435, 140.61667
-853.56744, 97.64916, 138.43002
-817.02515, 98.847374, 125.26598
-827.15265, 61.73435, 140.61667
-853.56744, 97.64916, 138.43002
-852.65765, 64.108505, 165.00447
-827.15265, 61.73435, 140.61667
-853.56744, 97.64916, 138.43002
-832.42523, 92.533676, 162.28525
-827.15265, 61.73435, 140.61667
-817.02515, 98.847374, 125.26598
-832.42523, 92.533676, 162.28525
-827.15265, 61.73435, 140.61667
-852.65765, 64.108505, 165.00447
-819.4724, 42.018166, 165.247
-827.15265, 61.73435, 140.61667
-819.4724, 42.018166, 165.247
-801.13446, 74.005455, 173.47266
-787.4001, 62.758163, 152.95288
-789.84143, 96.18124, 144.29405
-801.13446, 74.005455, 173.47266
-853.56744, 97.64916, 138.43002
-817.02515, 98.847374, 125.26598
-832.42523, 92.533676, 162.28525
-789.84143, 96.18124, 144.29405
-777.381, 112.38972, 128.34885
-753.7408, 104.099785, 154.20685
-785.9481, 145.19809, 126.56944
-777.381, 112.38972, 128.34885
-755.3404, 137.73106, 134.02156
-671.4515, 77.40907, 141.39862
-672.27655, 85.38858, 111.04164
-643.5074, 79.224144, 112.76781
-671.4515, 77.40907, 141.39862
-672.27655, 85.38858, 111.04164
-694.1997, 93.18214, 146.97339
-671.4515, 77.40907, 141.39862
-672.27655, 85.38858, 111.04164
-653.5678, 93.8152, 131.29033
-671.4515, 77.40907, 141.39862
-643.5074, 79.224144, 112.76781
-653.5678, 93.8152, 131.29033
-671.4515, 77.40907, 141.39862
-694.1997, 93.18214, 146.97339
-653.5678, 93.8152, 131.29033
-645.3034, 62.2461, 142.85092
-643.5074, 79.224144, 112.76781
-653.5678, 93.8152, 131.29033
-645.3034, 62.2461, 142.85092
-643.5074, 79.224144, 112.76781
-621.5161, 97.37111, 126.86456
-645.3034, 62.2461, 142.85092
-653.5678, 93.8152, 131.29033
-621.5161, 97.37111, 126.86456
-777.381, 112.38972, 128.34885
-753.7408, 104.099785, 154.20685
-755.3404, 137.73106, 134.02156
-777.381, 112.38972, 128.34885
-730.4313, 116.506676, 136.39914
-755.3404, 137.73106, 134.02156
-725.1937, 85.61415, 133.05266
-730.4313, 116.506676, 136.39914
-684.0691, 107.63362, 122.8155
-730.4313, 116.506676, 136.39914
-755.3404, 137.73106, 134.02156
-722.7391, 146.10892, 123.787506
-755.3404, 137.73106, 134.02156
-722.7391, 146.10892, 123.787506
-736.32104, 149.30348, 154.5112
-755.3404, 137.73106, 134.02156
-736.32104, 149.30348, 154.5112
-753.8355, 153.28194, 175.56529
-722.7391, 146.10892, 123.787506
-736.32104, 149.30348, 154.5112
-747.21967, 174.6994, 141.6334
-722.7391, 146.10892, 123.787506
-736.32104, 149.30348, 154.5112
-703.2979, 169.42409, 144.5855
-722.7391, 146.10892, 123.787506
-747.21967, 174.6994, 141.6334
-703.2979, 169.42409, 144.5855
-736.32104, 149.30348, 154.5112
-747.21967, 174.6994, 141.6334
-703.2979, 169.42409, 144.5855
-736.32104, 149.30348, 154.5112
-747.21967, 174.6994, 141.6334
-753.8355, 153.28194, 175.56529
-736.32104, 149.30348, 154.5112
-753.8355, 153.28194, 175.56529
-733.8657, 132.11113, 187.67302
-672.27655, 85.38858, 111.04164
-643.5074, 79.224144, 112.76781
-645.2228, 112.19604, 112.62773
-672.27655, 85.38858, 111.04164
-643.5074, 79.224144, 112.76781
-653.5678, 93.8152, 131.29033
-672.27655, 85.38858, 111.04164
-645.2228, 112.19604, 112.62773
-653.5678, 93.8152, 131.29033
-672.27655, 85.38858, 111.04164
-684.0691, 107.63362, 122.8155
-694.1997, 93.18214, 146.97339
-672.27655, 85.38858, 111.04164
-684.0691, 107.63362, 122.8155
-669.29083, 105.87518, 154.0282
-672.27655, 85.38858, 111.04164
-694.1997, 93.18214, 146.97339
-669.29083, 105.87518, 154.0282
-672.27655, 85.38858, 111.04164
-694.1997, 93.18214, 146.97339
-653.5678, 93.8152, 131.29033
-643.5074, 79.224144, 112.76781
-645.2228, 112.19604, 112.62773
-653.5678, 93.8152, 131.29033
-643.5074, 79.224144, 112.76781
-645.2228, 112.19604, 112.62773
-621.5161, 97.37111, 126.86456
-643.5074, 79.224144, 112.76781
-653.5678, 93.8152, 131.29033
-621.5161, 97.37111, 126.86456
-645.2228, 112.19604, 112.62773
-653.5678, 93.8152, 131.29033
-666.2351, 134.72575, 133.99734
-645.2228, 112.19604, 112.62773
-653.5678, 93.8152, 131.29033
-621.5161, 97.37111, 126.86456
-684.0691, 107.63362, 122.8155
-694.1997, 93.18214, 146.97339
-669.29083, 105.87518, 154.0282
-684.0691, 107.63362, 122.8155
-666.2351, 134.72575, 133.99734
-700.2932, 119.77156, 153.34242
-694.1997, 93.18214, 146.97339
-669.29083, 105.87518, 154.0282
-686.2707, 132.34348, 170.96768
-747.21967, 174.6994, 141.6334
-753.8355, 153.28194, 175.56529
-774.8988, 176.60764, 179.3038
-849.8365, 34.099594, 186.43494
-834.7018, 14.659288, 206.30913
-825.13715, 55.033356, 222.33833
-747.49634, 107.74412, 178.95389
-734.7008, 87.32409, 178.68658
-703.89844, 118.66782, 187.8647
-747.49634, 107.74412, 178.95389
-734.7008, 87.32409, 178.68658
-758.45483, 87.76308, 216.95992
-1001.95856, 574.2269, 154.58533
-1021.6334, 540.83026, 183.44186
-983.33, 548.1593, 157.35902
-989.76465, 524.97394, 188.95984
-976.5887, 529.71674, 224.7172
-951.8879, 514.7261, 196.82283
-989.76465, 524.97394, 188.95984
-976.5887, 529.71674, 224.7172
-966.3254, 553.1108, 215.95445
-964.3017, 544.11633, 172.2068
-951.8879, 514.7261, 196.82283
-957.1733, 562.9351, 195.94469
-951.8879, 514.7261, 196.82283
-957.1733, 562.9351, 195.94469
-929.0662, 546.4597, 206.2837
-951.8879, 514.7261, 196.82283
-920.6349, 537.56, 185.44188
-907.6781, 513.4157, 211.6025
-951.8879, 514.7261, 196.82283
-920.6349, 537.56, 185.44188
-929.0662, 546.4597, 206.2837
-970.6074, 594.2943, 180.18845
-939.84625, 577.9611, 213.63748
-973.53064, 585.42737, 223.63913
-970.6074, 594.2943, 180.18845
-939.84625, 577.9611, 213.63748
-936.23987, 609.2232, 195.82332
-970.6074, 594.2943, 180.18845
-936.23987, 609.2232, 195.82332
-964.66235, 634.9078, 178.41492
-970.6074, 594.2943, 180.18845
-964.66235, 634.9078, 178.41492
-991.77954, 631.1226, 201.11708
-957.1733, 562.9351, 195.94469
-939.84625, 577.9611, 213.63748
-973.53064, 585.42737, 223.63913
-866.1432, 524.89386, 147.7809
-859.4688, 558.94653, 144.04091
-895.1486, 551.4024, 159.12454
-866.1432, 524.89386, 147.7809
-884.0946, 519.57654, 184.58978
-895.1486, 551.4024, 159.12454
-859.4688, 558.94653, 144.04091
-840.20087, 573.99426, 150.52661
-852.34106, 554.11383, 182.97574
-840.20087, 573.99426, 150.52661
-848.67786, 618.52454, 152.62686
-809.8184, 603.46783, 144.9252
-840.20087, 573.99426, 150.52661
-852.34106, 554.11383, 182.97574
-827.08386, 564.50964, 186.4316
-920.6349, 537.56, 185.44188
-884.0946, 519.57654, 184.58978
-895.1486, 551.4024, 159.12454
-920.6349, 537.56, 185.44188
-907.6781, 513.4157, 211.6025
-902.6819, 540.78375, 211.48611
-566.496, 100.67172, 86.615395
-588.00464, 140.86746, 97.39075
-585.4036, 110.846405, 124.67949
-588.00464, 140.86746, 97.39075
-568.72076, 146.1076, 114.3213
-585.4036, 110.846405, 124.67949
-568.72076, 146.1076, 114.3213
-585.4036, 110.846405, 124.67949
-543.76025, 131.82605, 133.26096
-568.72076, 146.1076, 114.3213
-534.6224, 151.94069, 94.4549
-543.76025, 131.82605, 133.26096
-568.72076, 146.1076, 114.3213
-543.76025, 131.82605, 133.26096
-563.8881, 156.46191, 149.42554
-536.2167, 102.6313, 113.88552
-512.7203, 104.40266, 151.18784
-543.76025, 131.82605, 133.26096
-534.6224, 151.94069, 94.4549
-549.34937, 182.96382, 102.01876
-519.72394, 199.49327, 95.88136
-534.6224, 151.94069, 94.4549
-549.34937, 182.96382, 102.01876
-528.28204, 160.61905, 121.60505
-534.6224, 151.94069, 94.4549
-498.12943, 166.72815, 86.01538
-519.72394, 199.49327, 95.88136
-468.82516, 118.286804, 88.23422
-483.65912, 120.83804, 133.4524
-466.1334, 145.77644, 99.4187
-468.82516, 118.286804, 88.23422
-433.3032, 86.549034, 90.846504
-438.3982, 117.73946, 92.33254
-512.7203, 104.40266, 151.18784
-507.76968, 89.68584, 121.01346
-483.65912, 120.83804, 133.4524
-512.7203, 104.40266, 151.18784
-543.76025, 131.82605, 133.26096
-530.96606, 143.5576, 156.73582
-512.7203, 104.40266, 151.18784
-483.65912, 120.83804, 133.4524
-488.7113, 137.0384, 159.78416
-512.7203, 104.40266, 151.18784
-512.0441, 128.39488, 159.00699
-530.96606, 143.5576, 156.73582
-507.76968, 89.68584, 121.01346
-483.65912, 120.83804, 133.4524
-465.81378, 81.508766, 143.0384
-543.76025, 131.82605, 133.26096
-563.8881, 156.46191, 149.42554
-530.96606, 143.5576, 156.73582
-483.65912, 120.83804, 133.4524
-450.30927, 104.93455, 134.93059
-465.81378, 81.508766, 143.0384
-352.82565, 31.186329, 76.32947
-318.234, 16.785725, 46.37053
-325.2408, 35.426476, 65.56452
-325.2408, 35.426476, 65.56452
-344.7611, 64.14174, 87.56591
-310.3926, 40.97317, 99.67161
-325.2408, 35.426476, 65.56452
-309.02167, 62.41241, 74.77874
-310.3926, 40.97317, 99.67161
-454.0566, 69.88918, 100.129364
-413.77698, 70.21021, 103.979065
-433.3032, 86.549034, 90.846504
-454.0566, 69.88918, 100.129364
-450.30927, 104.93455, 134.93059
-465.81378, 81.508766, 143.0384
-394.10303, 55.29606, 135.2136
-421.39966, 67.45688, 141.4154
-427.18234, 28.248285, 157.88275
-394.10303, 55.29606, 135.2136
-369.75287, 63.84263, 114.61518
-355.91595, 33.80124, 146.9945
-394.10303, 55.29606, 135.2136
-355.91595, 33.80124, 146.9945
-380.75003, 38.107693, 161.7091
-394.10303, 55.29606, 135.2136
-418.7456, 91.11228, 134.72963
-374.98328, 91.3035, 131.58577
-389.80457, 50.033253, 94.74995
-369.75287, 63.84263, 114.61518
-344.7611, 64.14174, 87.56591
-389.80457, 50.033253, 94.74995
-369.75287, 63.84263, 114.61518
-365.23624, 82.10778, 95.909935
-370.8525, 4.365868, 133.05006
-355.91595, 33.80124, 146.9945
-379.69443, 15.115779, 176.36668
-355.91595, 33.80124, 146.9945
-334.48935, 20.026295, 145.36595
-337.08795, 3.954096, 166.48964
-355.91595, 33.80124, 146.9945
-380.75003, 38.107693, 161.7091
-379.69443, 15.115779, 176.36668
-355.91595, 33.80124, 146.9945
-379.69443, 15.115779, 176.36668
-337.08795, 3.954096, 166.48964
-433.3032, 86.549034, 90.846504
-438.3982, 117.73946, 92.33254
-406.39575, 123.65942, 101.79437
-438.3982, 117.73946, 92.33254
-406.39575, 123.65942, 101.79437
-431.26443, 157.47255, 88.49444
-406.39575, 123.65942, 101.79437
-358.294, 129.42612, 95.19718
-381.78384, 136.16983, 127.99655
-406.39575, 123.65942, 101.79437
-381.78384, 136.16983, 127.99655
-407.98907, 163.6466, 99.710304
-406.39575, 123.65942, 101.79437
-431.26443, 157.47255, 88.49444
-407.98907, 163.6466, 99.710304
-450.30927, 104.93455, 134.93059
-465.81378, 81.508766, 143.0384
-466.68735, 95.556915, 167.14449
-450.30927, 104.93455, 134.93059
-465.81378, 81.508766, 143.0384
-435.68665, 94.40321, 163.2295
-450.30927, 104.93455, 134.93059
-466.68735, 95.556915, 167.14449
-435.68665, 94.40321, 163.2295
-465.81378, 81.508766, 143.0384
-466.68735, 95.556915, 167.14449
-435.68665, 94.40321, 163.2295
-418.7456, 91.11228, 134.72963
-394.71667, 110.49175, 138.7242
-425.72977, 129.50505, 149.18628
-418.7456, 91.11228, 134.72963
-425.72977, 129.50505, 149.18628
-435.68665, 94.40321, 163.2295
-394.71667, 110.49175, 138.7242
-425.72977, 129.50505, 149.18628
-399.2155, 98.650566, 165.9188
-454.47195, 134.65488, 153.46074
-459.41315, 161.90373, 144.91919
-474.50626, 153.11743, 173.3011
-454.47195, 134.65488, 153.46074
-474.50626, 153.11743, 173.3011
-426.5677, 153.52069, 163.65852
-454.47195, 134.65488, 153.46074
-466.68735, 95.556915, 167.14449
-435.68665, 94.40321, 163.2295
-425.72977, 129.50505, 149.18628
-400.9626, 132.85791, 151.49585
-406.67523, 141.12148, 181.88896
-425.72977, 129.50505, 149.18628
-459.41315, 161.90373, 144.91919
-413.98862, 169.26218, 145.48724
-425.72977, 129.50505, 149.18628
-413.98862, 169.26218, 145.48724
-406.67523, 141.12148, 181.88896
-425.72977, 129.50505, 149.18628
-399.2155, 98.650566, 165.9188
-406.67523, 141.12148, 181.88896
-425.72977, 129.50505, 149.18628
-406.67523, 141.12148, 181.88896
-403.86102, 163.11963, 170.44713
-400.9626, 132.85791, 151.49585
-358.7955, 116.32063, 135.61452
-381.78384, 136.16983, 127.99655
-400.9626, 132.85791, 151.49585
-358.7955, 116.32063, 135.61452
-370.3752, 159.20468, 151.14624
-400.9626, 132.85791, 151.49585
-358.7955, 116.32063, 135.61452
-366.45737, 106.98062, 157.9376
-400.9626, 132.85791, 151.49585
-381.78384, 136.16983, 127.99655
-397.4515, 172.55583, 126.54466
-346.32715, 105.0274, 112.44261
-358.294, 129.42612, 95.19718
-358.7955, 116.32063, 135.61452
-346.32715, 105.0274, 112.44261
-374.98328, 91.3035, 131.58577
-366.45737, 106.98062, 157.9376
-346.32715, 105.0274, 112.44261
-358.7955, 116.32063, 135.61452
-366.45737, 106.98062, 157.9376
-358.294, 129.42612, 95.19718
-358.7955, 116.32063, 135.61452
-381.78384, 136.16983, 127.99655
-381.78384, 136.16983, 127.99655
-407.98907, 163.6466, 99.710304
-397.4515, 172.55583, 126.54466
-563.8881, 156.46191, 149.42554
-528.28204, 160.61905, 121.60505
-530.96606, 143.5576, 156.73582
-498.12943, 166.72815, 86.01538
-519.72394, 199.49327, 95.88136
-475.23288, 208.08714, 92.99343
-498.12943, 166.72815, 86.01538
-519.72394, 199.49327, 95.88136
-496.58038, 195.86282, 106.16531
-498.12943, 166.72815, 86.01538
-475.23288, 208.08714, 92.99343
-496.58038, 195.86282, 106.16531
-498.12943, 166.72815, 86.01538
-475.23288, 208.08714, 92.99343
-454.3178, 165.6956, 88.93111
-519.72394, 199.49327, 95.88136
-475.23288, 208.08714, 92.99343
-496.58038, 195.86282, 106.16531
-475.23288, 208.08714, 92.99343
-496.58038, 195.86282, 106.16531
-469.81473, 180.1832, 121.925835
-475.23288, 208.08714, 92.99343
-469.81473, 180.1832, 121.925835
-454.3178, 165.6956, 88.93111
-528.28204, 160.61905, 121.60505
-499.45865, 162.83595, 132.1141
-496.11023, 173.68341, 154.00427
-524.3333, 177.65411, 141.60982
-499.45865, 162.83595, 132.1141
-496.11023, 173.68341, 154.00427
-499.45865, 162.83595, 132.1141
-496.11023, 173.68341, 154.00427
-459.41315, 161.90373, 144.91919
-499.45865, 162.83595, 132.1141
-459.41315, 161.90373, 144.91919
-474.50626, 153.11743, 173.3011
-469.81473, 180.1832, 121.925835
-433.09055, 194.80203, 130.88878
-459.69577, 222.86537, 138.6496
-454.3178, 165.6956, 88.93111
-431.26443, 157.47255, 88.49444
-430.32193, 194.45947, 91.89576
-407.98907, 163.6466, 99.710304
-399.3615, 202.62444, 91.90725
-397.4515, 172.55583, 126.54466
-433.09055, 194.80203, 130.88878
-397.4515, 172.55583, 126.54466
-413.98862, 169.26218, 145.48724
-433.09055, 194.80203, 130.88878
-413.98862, 169.26218, 145.48724
-435.30197, 183.29602, 164.24738
-397.4515, 172.55583, 126.54466
-413.98862, 169.26218, 145.48724
-383.85342, 192.07678, 145.43758
-413.98862, 169.26218, 145.48724
-426.5677, 153.52069, 163.65852
-406.67523, 141.12148, 181.88896
-413.98862, 169.26218, 145.48724
-426.5677, 153.52069, 163.65852
-435.30197, 183.29602, 164.24738
-439.9305, 67.18459, 176.53621
-466.68735, 95.556915, 167.14449
-435.68665, 94.40321, 163.2295
-391.7714, 65.085175, 178.6134
-394.70752, 37.922096, 214.30614
-375.1392, 72.21944, 214.87848
-391.7714, 65.085175, 178.6134
-375.1392, 72.21944, 214.87848
-367.64594, 84.3402, 183.65308
-375.1392, 72.21944, 214.87848
-390.91754, 108.13692, 186.9568
-367.64594, 84.3402, 183.65308
-426.5677, 153.52069, 163.65852
-406.67523, 141.12148, 181.88896
-403.86102, 163.11963, 170.44713
-406.67523, 141.12148, 181.88896
-378.77026, 139.85081, 181.38162
-403.86102, 163.11963, 170.44713
-362.4378, 619.25006, 88.60278
-393.15903, 657.7075, 91.39519
-373.79877, 657.9106, 105.99989
-362.4378, 619.25006, 88.60278
-373.79877, 657.9106, 105.99989
-334.08313, 636.10614, 86.72245
-362.4378, 619.25006, 88.60278
-373.79877, 657.9106, 105.99989
-348.9271, 664.1653, 98.50514
-362.4378, 619.25006, 88.60278
-334.08313, 636.10614, 86.72245
-348.9271, 664.1653, 98.50514
-370.85107, 604.20984, 129.89734
-385.38907, 636.80554, 125.232155
-367.73538, 628.9077, 154.25505
-291.75674, 612.95996, 97.44999
-304.0732, 598.9639, 133.37318
-309.62817, 633.8897, 118.51955
-1022.2234, 636.7475, 166.60031
-987.10657, 665.86615, 176.64073
-991.77954, 631.1226, 201.11708
-1050.5583, 661.6154, 175.02922
-1014.70245, 669.4668, 178.75177
-1037.7092, 704.5648, 163.15594
-964.66235, 634.9078, 178.41492
-987.10657, 665.86615, 176.64073
-991.77954, 631.1226, 201.11708
-1014.70245, 669.4668, 178.75177
-987.10657, 665.86615, 176.64073
-991.77954, 631.1226, 201.11708
-798.5089, 660.4453, 141.29527
-790.3073, 685.16266, 146.20613
-765.98267, 664.2653, 144.15039
-798.5089, 660.4453, 141.29527
-771.98663, 640.2952, 132.66339
-765.98267, 664.2653, 144.15039
-828.83484, 681.7467, 151.38873
-790.3073, 685.16266, 146.20613
-798.6817, 712.5224, 152.1209
-790.3073, 685.16266, 146.20613
-828.5128, 713.7638, 146.78748
-798.6817, 712.5224, 152.1209
-790.3073, 685.16266, 146.20613
-798.6817, 712.5224, 152.1209
-755.8042, 695.77924, 143.98964
-790.3073, 685.16266, 146.20613
-798.6817, 712.5224, 152.1209
-790.4513, 700.3623, 187.41731
-790.3073, 685.16266, 146.20613
-765.98267, 664.2653, 144.15039
-755.8042, 695.77924, 143.98964
-898.85376, 778.98926, 156.2432
-879.1796, 802.2179, 152.38553
-925.2087, 798.8846, 164.48566
-898.85376, 778.98926, 156.2432
-905.9211, 754.1737, 160.96451
-925.2087, 798.8846, 164.48566
-828.5128, 713.7638, 146.78748
-798.6817, 712.5224, 152.1209
-810.4226, 728.5498, 183.61824
-798.6817, 712.5224, 152.1209
-786.1692, 742.1821, 147.27928
-810.4226, 728.5498, 183.61824
-798.6817, 712.5224, 152.1209
-786.1692, 742.1821, 147.27928
-777.89874, 728.7339, 192.19875
-798.6817, 712.5224, 152.1209
-790.4513, 700.3623, 187.41731
-777.89874, 728.7339, 192.19875
-798.6817, 712.5224, 152.1209
-810.4226, 728.5498, 183.61824
-803.6224, 758.29065, 160.91617
-790.4513, 700.3623, 187.41731
-825.4134, 694.3293, 196.7015
-803.13873, 689.3372, 212.89177
-825.4134, 694.3293, 196.7015
-810.4226, 728.5498, 183.61824
-823.3941, 733.5774, 205.60043
-879.523, 758.5194, 202.48178
-848.6966, 722.8642, 195.94208
-834.1877, 758.71576, 196.0958
-810.4226, 728.5498, 183.61824
-803.6224, 758.29065, 160.91617
-795.5927, 754.8774, 198.33144
-810.4226, 728.5498, 183.61824
-823.3941, 733.5774, 205.60043
-795.5927, 754.8774, 198.33144
-834.1877, 758.71576, 196.0958
-849.5512, 781.7571, 180.12366
-813.67975, 785.00665, 203.9416
-813.08185, 1172.4769, 172.03795
-788.14667, 1180.4768, 158.27853
-804.63727, 1217.0502, 161.92632
-504.56015, 697.7302, 137.68118
-459.73575, 689.75824, 123.64127
-469.5172, 704.1568, 165.9205
-493.0901, 773.3703, 125.07611
-455.21838, 768.7628, 145.05229
-479.1619, 749.0, 158.56042
-393.15903, 657.7075, 91.39519
-392.81665, 692.9666, 113.11349
-416.46347, 669.4169, 127.32941
-393.15903, 657.7075, 91.39519
-392.81665, 692.9666, 113.11349
-353.2494, 687.59314, 94.24547
-393.15903, 657.7075, 91.39519
-373.79877, 657.9106, 105.99989
-353.2494, 687.59314, 94.24547
-393.15903, 657.7075, 91.39519
-373.79877, 657.9106, 105.99989
-385.38907, 636.80554, 125.232155
-392.81665, 692.9666, 113.11349
-416.46347, 669.4169, 127.32941
-400.0359, 702.8399, 148.0444
-392.81665, 692.9666, 113.11349
-422.64417, 712.52936, 124.50031
-390.36612, 737.8844, 112.56975
-459.73575, 689.75824, 123.64127
-446.4775, 718.4979, 131.59329
-469.5172, 704.1568, 165.9205
-459.73575, 689.75824, 123.64127
-446.4775, 718.4979, 131.59329
-441.456, 696.9612, 164.6358
-416.46347, 669.4169, 127.32941
-400.0359, 702.8399, 148.0444
-419.7761, 685.53796, 167.91467
-400.0359, 702.8399, 148.0444
-362.63785, 709.988, 153.24573
-398.63522, 716.11334, 172.24991
-400.0359, 702.8399, 148.0444
-441.456, 696.9612, 164.6358
-398.63522, 716.11334, 172.24991
-373.79877, 657.9106, 105.99989
-334.08313, 636.10614, 86.72245
-348.9271, 664.1653, 98.50514
-373.79877, 657.9106, 105.99989
-353.2494, 687.59314, 94.24547
-348.9271, 664.1653, 98.50514
-334.08313, 636.10614, 86.72245
-348.9271, 664.1653, 98.50514
-311.65143, 657.7063, 83.17914
-367.73538, 628.9077, 154.25505
-343.58392, 660.97375, 148.2786
-338.3118, 631.33356, 160.45477
-327.084, 639.2254, 135.30719
-343.58392, 660.97375, 148.2786
-315.81378, 673.3131, 137.29428
-327.084, 639.2254, 135.30719
-343.58392, 660.97375, 148.2786
-338.3118, 631.33356, 160.45477
-343.58392, 660.97375, 148.2786
-315.81378, 673.3131, 137.29428
-323.7245, 679.9492, 171.22366
-315.81378, 673.3131, 137.29428
-314.746, 711.4391, 111.64465
-290.9747, 680.4948, 126.93681
-315.81378, 673.3131, 137.29428
-323.7245, 679.9492, 171.22366
-298.5294, 698.42395, 168.06232
-315.81378, 673.3131, 137.29428
-294.8602, 663.50616, 107.81172
-290.9747, 680.4948, 126.93681
-334.9532, 688.3646, 138.31386
-323.7245, 679.9492, 171.22366
-298.5294, 698.42395, 168.06232
-446.4775, 718.4979, 131.59329
-422.64417, 712.52936, 124.50031
-451.08896, 749.8137, 127.2618
-446.4775, 718.4979, 131.59329
-422.64417, 712.52936, 124.50031
-441.456, 696.9612, 164.6358
-422.64417, 712.52936, 124.50031
-405.95035, 735.7071, 151.84608
-390.36612, 737.8844, 112.56975
-451.08896, 749.8137, 127.2618
-455.21838, 768.7628, 145.05229
-443.95062, 787.2807, 133.46822
-451.08896, 749.8137, 127.2618
-455.21838, 768.7628, 145.05229
-479.1619, 749.0, 158.56042
-455.21838, 768.7628, 145.05229
-443.95062, 787.2807, 133.46822
-459.46152, 808.43164, 168.44797
-455.21838, 768.7628, 145.05229
-459.46152, 808.43164, 168.44797
-466.29474, 786.1554, 180.33234
-314.746, 711.4391, 111.64465
-290.9747, 680.4948, 126.93681
-287.6528, 704.1555, 88.33277
-321.08734, 712.8344, 138.11937
-323.7245, 679.9492, 171.22366
-298.5294, 698.42395, 168.06232
-443.95062, 787.2807, 133.46822
-431.276, 824.9301, 134.0531
-459.46152, 808.43164, 168.44797
-431.276, 824.9301, 134.0531
-459.46152, 808.43164, 168.44797
-438.34836, 843.66235, 161.18764
-431.276, 824.9301, 134.0531
-438.34836, 843.66235, 161.18764
-410.52527, 822.5777, 164.47443
-391.24078, 849.0004, 117.98538
-364.30365, 856.93384, 134.15642
-382.5234, 876.2755, 154.49417
-364.30365, 856.93384, 134.15642
-382.5234, 876.2755, 154.49417
-371.4128, 905.33844, 132.2879
-494.22974, 774.46265, 168.52902
-459.46152, 808.43164, 168.44797
-466.29474, 786.1554, 180.33234
-504.18268, 798.9047, 156.57687
-459.46152, 808.43164, 168.44797
-466.29474, 786.1554, 180.33234
-459.46152, 808.43164, 168.44797
-466.29474, 786.1554, 180.33234
-420.15857, 788.2421, 184.02379
-438.34836, 843.66235, 161.18764
-410.52527, 822.5777, 164.47443
-419.16516, 851.49817, 176.06137
-311.65143, 657.7063, 83.17914
-294.8602, 663.50616, 107.81172
-309.62817, 633.8897, 118.51955
-294.8602, 663.50616, 107.81172
-309.62817, 633.8897, 118.51955
-283.6942, 659.2642, 136.85045
-294.8602, 663.50616, 107.81172
-283.6942, 659.2642, 136.85045
-290.9747, 680.4948, 126.93681
-234.93095, 670.1181, 92.98045
-235.19395, 688.8216, 113.28949
-220.26973, 692.6, 84.94093
-234.93095, 670.1181, 92.98045
-220.26973, 692.6, 84.94093
-264.25574, 705.6132, 80.93657
-235.19395, 688.8216, 113.28949
-250.49808, 676.7193, 150.23279
-209.60184, 668.26276, 148.2409
-235.19395, 688.8216, 113.28949
-250.49808, 676.7193, 150.23279
-249.91727, 708.978, 130.38995
-235.19395, 688.8216, 113.28949
-220.26973, 692.6, 84.94093
-225.55261, 721.0003, 97.883675
-235.19395, 688.8216, 113.28949
-249.91727, 708.978, 130.38995
-225.55261, 721.0003, 97.883675
-309.62817, 633.8897, 118.51955
-277.70346, 631.96783, 146.23593
-283.6942, 659.2642, 136.85045
-277.70346, 631.96783, 146.23593
-283.6942, 659.2642, 136.85045
-260.27753, 650.7456, 138.01384
-283.6942, 659.2642, 136.85045
-239.5547, 656.3588, 125.75431
-260.27753, 650.7456, 138.01384
-283.6942, 659.2642, 136.85045
-260.27753, 650.7456, 138.01384
-290.9747, 680.4948, 126.93681
-283.6942, 659.2642, 136.85045
-260.27753, 650.7456, 138.01384
-250.49808, 676.7193, 150.23279
-283.6942, 659.2642, 136.85045
-290.9747, 680.4948, 126.93681
-250.49808, 676.7193, 150.23279
-239.5547, 656.3588, 125.75431
-260.27753, 650.7456, 138.01384
-250.49808, 676.7193, 150.23279
-239.5547, 656.3588, 125.75431
-250.49808, 676.7193, 150.23279
-209.60184, 668.26276, 148.2409
-260.27753, 650.7456, 138.01384
-290.9747, 680.4948, 126.93681
-250.49808, 676.7193, 150.23279
-240.77222, 767.76843, 82.01229
-255.50928, 747.7202, 118.71788
-223.48601, 760.76746, 106.69146
-240.77222, 767.76843, 82.01229
-223.48601, 760.76746, 106.69146
-238.84938, 794.0094, 86.24677
-240.77222, 767.76843, 82.01229
-223.48601, 760.76746, 106.69146
-196.84825, 787.2209, 82.67074
-240.77222, 767.76843, 82.01229
-238.84938, 794.0094, 86.24677
-196.84825, 787.2209, 82.67074
-281.3141, 713.59674, 136.24046
-249.91727, 708.978, 130.38995
-255.50928, 747.7202, 118.71788
-249.91727, 708.978, 130.38995
-255.50928, 747.7202, 118.71788
-225.55261, 721.0003, 97.883675
-255.50928, 747.7202, 118.71788
-225.55261, 721.0003, 97.883675
-223.48601, 760.76746, 106.69146
-225.55261, 721.0003, 97.883675
-223.48601, 760.76746, 106.69146
-200.04575, 730.35406, 126.77849
-223.48601, 760.76746, 106.69146
-238.84938, 794.0094, 86.24677
-196.84825, 787.2209, 82.67074
-223.48601, 760.76746, 106.69146
-238.84938, 794.0094, 86.24677
-222.51514, 795.8141, 132.74387
-199.32169, 779.1657, 116.64267
-200.04575, 730.35406, 126.77849
-212.90793, 762.51337, 158.26657
-199.32169, 779.1657, 116.64267
-222.51514, 795.8141, 132.74387
-212.90793, 762.51337, 158.26657
-279.28833, 800.76074, 93.54763
-238.84938, 794.0094, 86.24677
-250.69319, 831.27277, 80.905045
-279.28833, 800.76074, 93.54763
-275.25494, 839.9456, 102.93192
-250.69319, 831.27277, 80.905045
-238.84938, 794.0094, 86.24677
-250.69319, 831.27277, 80.905045
-219.42886, 834.28406, 97.25225
-275.25494, 839.9456, 102.93192
-250.69319, 831.27277, 80.905045
-254.51405, 865.6109, 104.328865
-250.69319, 831.27277, 80.905045
-219.42886, 834.28406, 97.25225
-254.51405, 865.6109, 104.328865
-159.56682, 786.058, 134.91757
-170.82086, 831.40173, 121.70153
-175.70183, 813.5243, 158.56966
-159.56682, 786.058, 134.91757
-183.45084, 774.3978, 171.02728
-175.70183, 813.5243, 158.56966
-215.43727, 839.1565, 128.03712
-170.82086, 831.40173, 121.70153
-203.13728, 863.17365, 109.33192
614.14075, 793.6018, 20.550287
601.4088, 824.17706, 18.042538
642.52075, 802.0049, 19.32964
614.14075, 793.6018, 20.550287
601.4088, 824.17706, 18.042538
631.5009, 824.067, 17.648642
614.14075, 793.6018, 20.550287
648.93134, 771.8376, 20.452806
642.52075, 802.0049, 19.32964
614.14075, 793.6018, 20.550287
642.52075, 802.0049, 19.32964
631.5009, 824.067, 17.648642
601.4088, 824.17706, 18.042538
642.52075, 802.0049, 19.32964
631.5009, 824.067, 17.648642
735.66693, 702.787, 0.181654
697.14374, 719.01074, 20.10951
730.01135, 740.7018, 20.273256
658.12585, 733.3895, 23.072151
697.14374, 719.01074, 20.10951
678.80725, 755.0435, 19.556946
658.12585, 733.3895, 23.072151
648.93134, 771.8376, 20.452806
678.80725, 755.0435, 19.556946
648.93134, 771.8376, 20.452806
678.80725, 755.0435, 19.556946
670.8911, 794.2964, 22.339468
648.93134, 771.8376, 20.452806
642.52075, 802.0049, 19.32964
670.8911, 794.2964, 22.339468
678.80725, 755.0435, 19.556946
707.57434, 769.98236, 16.509308
670.8911, 794.2964, 22.339468
